2 1 1
5 3 2
17 1 16
23 18 5
31 16 15
37 1 36
41 5 36
53 50 3
59 57 2
71 50 21
97 75 22
101 90 11
103 46 57
107 19 88
127 36 91
139 44 95
149 6 143
151 144 7
157 32 125
163 36 127
167 112 55
179 46 133
191 13 178
223 169 54
233 193 40
241 35 206
271 90 181
281 266 15
293 73 220
307 277 30
313 123 190
317 79 238
337 11 326
347 99 248
353 6 347
367 121 246
373 88 285
379 320 59
397 66 331
409 184 225
431 61 370
439 167 272
457 206 251
463 200 263
479 403 76
491 232 259
499 174 325
523 489 34
541 76 465
557 168 389
587 83 504
599 282 317
601 87 514
607 144 463
617 467 150
641 361 280
647 507 140
653 302 351
659 289 370
673 103 570
683 67 616
709 672 37
719 111 608
773 17 756
787 24 763
797 303 494
821 641 180
829 406 423
863 731 132
877 493 384
883 634 249
911 771 140
919 44 875
953 463 490
967 961 6
991 472 519
997 373 624
1031 722 309
1033 908 125
1061 915 146
1063 246 817
1069 266 803
1097 760 337
1109 946 163
1129 710 419
1151 128 1023
1163 79 1084
1171 283 888
1181 454 727
1187 637 550
1193 554 639
1201 72 1129
1223 1082 141
1301 710 591
1303 265 1038
1319 1125 194
1327 22 1305
1367 374 993
1373 486 887
1399 1227 172
1409 1122 287
1423 91 1332
1433 1233 200
1471 1198 273
1481 295 1186
1511 272 1239
1523 491 1032
1531 16 1515
1549 1308 241
1553 800 753
1567 355 1212
1571 211 1360
1579 1522 57
1583 695 888
1597 354 1243
1607 368 1239
1619 745 874
1627 1432 195
1663 444 1219
1669 1 1668
1697 1546 151
1709 10 1699
1721 512 1209
1733 1513 220
1741 119 1622
1747 1442 305
1753 1729 24
1777 31 1746
1783 890 893
1787 1319 468
1789 1230 559
1801 607 1194
1811 1427 384
1823 1092 731
1831 1324 507
1847 1741 106
1867 1355 512
1871 121 1750
1877 1587 290
1879 430 1449
1901 1840 61
1907 1648 259
1933 953 980
1949 1660 289
1973 758 1215
1993 1816 177
1999 840 1159
2003 774 1229
2027 329 1698
2053 2043 10
2063 536 1527
2069 1661 408
2081 622 1459
2087 1734 353
2089 1979 110
2111 675 1436
2131 1298 833
2137 709 1428
2143 1058 1085
2153 803 1350
2161 1238 923
2179 2039 140
2207 558 1649
2213 1674 539
2237 2189 48
2239 848 1391
2243 641 1602
2273 778 1495
2281 774 1507
2341 1337 1004
2347 629 1718
2351 605 1746
2381 1077 1304
2383 1357 1026
2393 1723 670
2411 176 2235
2437 468 1969
2459 854 1605
2473 2084 389
2477 837 1640
2521 637 1884
2531 645 1886
2539 372 2167
2543 1352 1191
2551 1257 1294
2557 1432 1125
2591 375 2216
2593 1229 1364
2609 1037 1572
2617 593 2024
2621 1700 921
2633 1882 751
2647 935 1712
2659 1924 735
2677 2291 386
2683 1959 724
2699 2231 468
2707 164 2543
2711 2638 73
2719 144 2575
2729 727 2002
2749 1748 1001
2753 2171 582
2791 1971 820
2803 173 2630
2819 1278 1541
2833 313 2520
2837 207 2630
2843 617 2226
2857 2666 191
2861 2755 106
2879 2187 692
2887 2223 664
2897 2068 829
2903 2337 566
2909 360 2549
2917 2138 779
2927 1738 1189
2969 1429 1540
2971 559 2412
2999 2049 950
3023 1472 1551
3041 2287 754
3049 2815 234
3061 1811 1250
3067 1823 1244
3119 2427 692
3121 2313 808
3167 2884 283
3203 3133 70
3217 1863 1354
3229 932 2297
3251 607 2644
3253 2591 662
3257 3204 53
3299 2145 1154
3313 3239 74
3319 1623 1696
3323 2433 890
3347 10 3337
3359 1265 2094
3371 2257 1114
3391 31 3360
3407 24 3383
3413 1062 2351
3449 2553 896
3461 2126 1335
3467 1430 2037
3469 837 2632
3499 3032 467
3511 2732 779
3517 81 3436
3529 2589 940
3533 2382 1151
3557 1276 2281
3559 2144 1415
3583 2501 1082
3593 1583 2010
3631 911 2720
3637 1817 1820
3659 3242 417
3671 1320 2351
3691 1160 2531
3697 2107 1590
3701 2733 968
3727 3324 403
3733 1120 2613
3739 2790 949
3761 731 3030
3767 128 3639
3793 3788 5
3833 3397 436
3847 3690 157
3851 3115 736
3907 217 3690
3911 997 2914
3919 1495 2424
3923 1822 2101
3929 3219 710
3931 955 2976
4001 1055 2946
4003 3730 273
4007 3753 254
4013 3054 959
4019 2720 1299
4049 3636 413
4051 853 3198
4079 3928 151
4091 273 3818
4127 3890 237
4133 2066 2067
4157 3844 313
4217 3624 593
4253 290 3963
4259 728 3531
4273 1277 2996
4289 319 3970
4337 4262 75
4363 2087 2276
4373 3837 536
4391 4236 155
4409 2699 1710
4447 2999 1448
4457 3093 1364
4481 2985 1496
4493 3851 642
4517 3235 1282
4523 4158 365
4549 1995 2554
4583 1803 2780
4603 3815 788
4639 755 3884
4651 660 3991
4663 3673 990
4679 3844 835
4691 2280 2411
4721 3370 1351
4723 2585 2138
4733 2520 2213
4751 2628 2123
4783 2113 2670
4787 3517 1270
4789 2464 2325
4813 3813 1000
4861 4755 106
4889 2894 1995
4903 2821 2082
4909 1167 3742
4919 867 4052
4937 4536 401
4951 3390 1561
4957 47 4910
4967 842 4125
4973 4273 700
4987 3441 1546
5003 2868 2135
5009 3526 1483
5011 3589 1422
5021 3365 1656
5081 1828 3253
5099 4205 894
5167 3596 1571
5171 2581 2590
5197 2480 2717
5209 3618 1591
5233 5164 69
5237 2492 2745
5273 5026 247
5279 978 4301
5281 1142 4139
5297 4432 865
5303 4584 719
5333 2813 2520
5347 3721 1626
5387 2076 3311
5393 1280 4113
5413 2364 3049
5417 1144 4273
5419 1003 4416
5431 4286 1145
5449 4352 1097
5471 764 4707
5477 975 4502
5483 3668 1815
5501 4933 568
5507 5357 150
5519 5215 304
5521 3374 2147
5527 3357 2170
5531 1749 3782
5557 3498 2059
5569 3793 1776
5581 3935 1646
5591 4053 1538
5623 4466 1157
5639 794 4845
5651 4286 1365
5659 5303 356
5689 1929 3760
5701 4682 1019
5711 1127 4584
5737 5250 487
5741 166 5575
5783 1221 4562
5791 3112 2679
5801 4435 1366
5807 1287 4520
5813 2478 3335
5821 5788 33
5827 1562 4265
5843 963 4880
5849 3344 2505
5861 1736 4125
5867 4666 1201
5869 2588 3281
5879 5752 127
5881 613 5268
5897 2814 3083
5903 124 5779
5953 373 5580
5981 1020 4961
5987 3982 2005
6047 5777 270
6053 276 5777
6073 1280 4793
6079 4766 1313
6091 5101 990
6113 1953 4160
6131 5619 512
6163 2656 3507
6173 4962 1211
6197 1359 4838
6203 5184 1019
6217 2001 4216
6221 5406 815
6229 1073 5156
6247 4154 2093
6271 4203 2068
6287 5806 481
6299 5729 570
6301 1521 4780
6311 2802 3509
6317 4510 1807
6323 6003 320
6329 3065 3264
6343 2012 4331
6359 1014 5345
6367 1108 5259
6389 4727 1662
6469 5681 788
6473 2135 4338
6481 5213 1268
6491 5401 1090
6529 3181 3348
6547 2098 4449
6563 81 6482
6569 5913 656
6571 1062 5509
6577 5257 1320
6619 5979 640
6653 5327 1326
6689 637 6052
6703 6470 233
6709 5167 1542
6719 8 6711
6763 1238 5525
6779 3375 3404
6781 6299 482
6793 5680 1113
6827 74 6753
6829 4326 2503
6841 2500 4341
6857 1955 4902
6869 5533 1336
6871 5949 922
6899 1100 5799
6949 3396 3553
6961 3901 3060
6967 1757 5210
6977 1799 5178
6997 5817 1180
7043 3150 3893
7079 237 6842
7103 3729 3374
7127 4321 2806
7177 605 6572
7193 1782 5411
7219 3943 3276
7243 4163 3080
7283 1914 5369
7331 3536 3795
7333 3271 4062
7349 7283 66
7451 6791 660
7457 748 6709
7459 5764 1695
7477 716 6761
7481 4067 3414
7489 4681 2808
7499 1823 5676
7523 399 7124
7529 5893 1636
7541 1261 6280
7547 6384 1163
7549 708 6841
7561 5376 2185
7607 2761 4846
7669 5816 1853
7673 3515 4158
7681 4261 3420
7691 3136 4555
7727 7571 156
7741 1545 6196
7753 6413 1340
7759 2441 5318
7793 4519 3274
7817 6971 846
7867 2127 5740
7877 2236 5641
7919 2545 5374
7927 5853 2074
7933 7435 498
7937 3634 4303
7963 2435 5528
7993 5889 2104
8017 2886 5131
8039 1878 6161
8053 7963 90
8059 1892 6167
8081 5661 2420
8087 4753 3334
8089 4771 3318
8093 4465 3628
8101 7228 873
8117 4314 3803
8147 2815 5332
8161 1960 6201
8167 6537 1630
8179 2689 5490
8209 7737 472
8219 8188 31
8221 8189 32
8231 2110 6121
8237 5849 2388
8269 4149 4120
8273 104 8169
8287 5554 2733
8293 6743 1550
8297 2185 6112
8329 4265 4064
8353 3901 4452
8369 3733 4636
8389 3228 5161
8423 1023 7400
8429 7426 1003
8431 7482 949
8461 5252 3209
8467 3813 4654
8501 8340 161
8521 7529 992
8527 3938 4589
8537 526 8011
8539 2765 5774
8581 4799 3782
8609 7701 908
8623 5579 3044
8627 1164 7463
8629 3383 5246
8647 5787 2860
8663 5955 2708
8669 3980 4689
8677 1999 6678
8707 876 7831
8731 1432 7299
8747 2594 6153
8779 3942 4837
8783 2127 6656
8803 4547 4256
8821 860 7961
8831 4607 4224
8839 1922 6917
8849 7163 1686
8861 5171 3690
8887 6675 2212
8923 1683 7240
8929 1852 7077
8933 5639 3294
8969 2908 6061
8971 2355 6616
9007 5322 3685
9013 7678 1335
9029 6176 2853
9043 2549 6494
9059 6443 2616
9067 6789 2278
9103 2208 6895
9109 1889 7220
9127 6736 2391
9133 6673 2460
9157 480 8677
9161 8146 1015
9181 6186 2995
9187 5761 3426
9199 8329 870
9239 168 9071
9241 13 9228
9257 8405 852
9281 4377 4904
9283 7464 1819
9311 6916 2395
9337 6477 2860
9341 3261 6080
9349 1391 7958
9371 5761 3610
9391 910 8481
9397 312 9085
9403 7503 1900
9413 8538 875
9419 7368 2051
9437 1651 7786
9491 529 8962
9497 8099 1398
9521 1781 7740
9551 8314 1237
9601 6708 2893
9619 4981 4638
9629 2428 7201
9631 948 8683
9649 6555 3094
9677 1343 8334
9679 4956 4723
9689 4720 4969
9719 9326 393
9721 5539 4182
9733 5645 4088
9739 2812 6927
9767 1749 8018
9769 7670 2099
9791 5240 4551
9803 7092 2711
9811 8180 1631
9833 7486 2347
9859 2351 7508
9887 633 9254
9907 6770 3137
9923 7669 2254
9931 2045 7886
9949 5318 4631
9967 1633 8334
9973 3868 6105
10009 1588 8421
10037 7427 2610
10061 2584 7477
10067 8241 1826
10091 3643 6448
10099 6717 3382
10133 12 10121
10141 2183 7958
10159 4192 5967
10163 4919 5244
10193 3651 6542
10247 5514 4733
10271 3460 6811
10303 6227 4076
10313 621 9692
10321 6273 4048
10331 3742 6589
10337 7177 3160
10343 8780 1563
10369 5918 4451
10399 9685 714
10429 2026 8403
10433 5200 5233
10453 9538 915
10457 476 9981
10459 607 9852
10513 5284 5229
10529 10039 490
10559 10135 424
10589 4087 6502
10601 860 9741
10627 2272 8355
10663 8087 2576
10667 3322 7345
10687 3726 6961
10711 9156 1555
10723 7623 3100
10753 6340 4413
10781 3995 6786
10789 8745 2044
10831 3355 7476
10837 8907 1930
10853 7481 3372
10859 9098 1761
10883 8211 2672
10889 1508 9381
10891 5252 5639
10909 3218 7691
10939 7884 3055
10979 4848 6131
10987 6175 4812
10993 9119 1874
11003 5102 5901
11047 5548 5499
11057 5505 5552
11093 8240 2853
11113 1828 9285
11117 3131 7986
11131 3815 7316
11159 10831 328
11171 10132 1039
11173 1995 9178
11177 6194 4983
11213 3090 8123
11279 490 10789
11287 1367 9920
11299 2919 8380
11317 3847 7470
11321 559 10762
11329 297 11032
11353 3253 8100
11383 4008 7375
11393 10115 1278
11423 6808 4615
11447 5935 5512
11483 5080 6403
11489 9680 1809
11491 7591 3900
11497 7267 4230
11503 811 10692
11519 5173 6346
11527 5880 5647
11551 11004 547
11587 2829 8758
11597 5954 5643
11617 7627 3990
11677 4260 7417
11689 3262 8427
11699 1711 9988
11717 10322 1395
11777 10536 1241
11789 8213 3576
11827 7368 4459
11831 1795 10036
11833 4456 7377
11867 2676 9191
11887 4609 7278
11923 2603 9320
11933 8529 3404
11941 10002 1939
11953 1639 10314
11969 5521 6448
11981 7720 4261
12037 4186 7851
12049 11511 538
12097 3929 8168
12101 3922 8179
12113 7619 4494
12149 2906 9243
12157 5460 6697
12161 6158 6003
12197 2216 9981
12227 3337 8890
12241 10353 1888
12253 4980 7273
12263 1107 11156
12269 6167 6102
12301 10569 1732
12323 7640 4683
12343 4621 7722
12347 6271 6076
12373 12241 132
12377 11335 1042
12379 10163 2216
12413 1648 10765
12421 3382 9039
12433 484 11949
12451 6014 6437
12457 10328 2129
12491 10546 1945
12497 10608 1889
12517 7414 5103
12539 1717 10822
12541 5200 7341
12589 4821 7768
12601 11374 1227
12611 4426 8185
12641 2497 10144
12671 3527 9144
12689 3602 9087
12739 9259 3480
12743 5731 7012
12757 2042 10715
12781 7978 4803
12821 2636 10185
12823 10178 2645
12829 10124 2705
12853 9325 3528
12899 2940 9959
12911 4522 8389
12917 5472 7445
12919 851 12068
12923 8135 4788
12959 983 11976
12967 1625 11342
12973 623 12350
12983 12755 228
13001 801 12200
13003 9468 3535
13007 6575 6432
13099 11783 1316
13109 10300 2809
13121 465 12656
13151 12298 853
13163 5862 7301
13183 7863 5320
13249 9228 4021
13259 4524 8735
13267 3549 9718
13297 9035 4262
13309 6962 6347
13337 7517 5820
13339 4836 8503
13367 8914 4453
13399 1295 12104
13411 7404 6007
13441 7637 5804
13451 5121 8330
13457 3192 10265
13477 12139 1338
13499 6808 6691
13523 6996 6527
13537 11067 2470
13567 11975 1592
13577 8870 4707
13597 1951 11646
13619 3598 10021
13627 1572 12055
13633 4812 8821
13649 8481 5168
13679 3618 10061
13687 4741 8946
13723 10796 2927
13729 8290 5439
13807 5059 8748
13829 7723 6106
13831 11560 2271
13841 4506 9335
13879 2254 11625
13901 5594 8307
13903 12461 1442
13907 11561 2346
13921 4596 9325
13931 2249 11682
13933 2472 11461
13963 10756 3207
13997 2577 11420
14029 9848 4181
14033 5982 8051
14057 1609 12448
14071 1635 12436
14081 1990 12091
14083 9693 4390
14087 1547 12540
14143 4358 9785
14173 7608 6565
14207 4409 9798
14221 7320 6901
14243 3509 10734
14251 3345 10906
14293 10217 4076
14321 412 13909
14389 5950 8439
14411 10556 3855
14419 4031 10388
14437 11606 2831
14449 8751 5698
14479 277 14202
14489 14465 24
14503 10620 3883
14533 1733 12800
14537 13592 945
14549 7050 7499
14561 1519 13042
14563 2482 12081
14591 1851 12740
14627 9936 4691
14657 2544 12113
14683 9576 5107
14699 11179 3520
14713 2166 12547
14717 8234 6483
14723 8327 6396
14731 4463 10268
14741 13801 940
14747 4207 10540
14771 12522 2249
14779 14216 563
14813 1947 12866
14843 2049 12794
14851 5878 8973
14869 14340 529
14897 9532 5365
14939 5941 8998
14947 4616 10331
14969 2966 12003
14983 5861 9122
15031 11209 3822
15053 11911 3142
15061 14932 129
15083 3829 11254
15091 6993 8098
15101 2209 12892
15107 495 14612
15121 14304 817
15131 5100 10031
15161 5544 9617
15199 525 14674
15233 9870 5363
15259 6790 8469
15269 2711 12558
15271 13483 1788
15277 8790 6487
15299 11567 3732
15307 11245 4062
15331 5820 9511
15359 5581 9778
15361 5313 10048
15373 2130 13243
15377 1942 13435
15391 12876 2515
15439 11107 4332
15451 11438 4013
15461 1606 13855
15493 12270 3223
15511 9487 6024
15551 966 14585
15569 14323 1246
15601 2565 13036
15607 3616 11991
15647 8958 6689
15649 12410 3239
15667 148 15519
15671 15117 554
15679 13190 2489
15683 12135 3548
15727 4510 11217
15749 3350 12399
15761 15129 632
15791 3144 12647
15797 8206 7591
15803 4753 11050
15859 4769 11090
15889 7625 8264
15907 692 15215
15923 2396 13527
15937 13287 2650
15971 15398 573
15973 3431 12542
15991 12099 3892
16033 14333 1700
16061 580 15481
16063 13907 2156
16067 14344 1723
16069 8883 7186
16073 1957 14116
16087 11154 4933
16091 2226 13865
16111 1112 14999
16139 494 15645
16141 14133 2008
16183 3309 12874
16217 8312 7905
16223 11484 4739
16231 6642 9589
16267 3897 12370
16301 13629 2672
16319 5967 10352
16333 11720 4613
16361 13574 2787
16363 10421 5942
16369 16275 94
16411 4615 11796
16417 2976 13441
16421 2941 13480
16427 3921 12506
16433 448 15985
16447 11946 4501
16453 15772 681
16477 14208 2269
16547 8575 7972
16553 9352 7201
16561 6493 10068
16567 7218 9349
16573 13679 2894
16603 9537 7066
16631 4499 12132
16651 10741 5910
16673 752 15921
16691 11361 5330
16703 9187 7516
16741 5866 10875
16763 12868 3895
16787 6522 10265
16823 3435 13388
16829 6203 10626
16831 2689 14142
16843 16509 334
16871 9868 7003
16879 7193 9686
16883 1139 15744
16927 12469 4458
16937 10846 6091
16963 840 16123
16979 14645 2334
16981 741 16240
16987 2107 14880
17011 8615 8396
17027 9900 7127
17033 11522 5511
17041 2654 14387
17053 13660 3393
17077 2793 14284
17093 15193 1900
17159 483 16676
17167 16032 1135
17183 7488 9695
17203 14586 2617
17207 3008 14199
17209 11974 5235
17257 6323 10934
17317 4781 12536
17321 11356 5965
17333 939 16394
17351 10838 6513
17387 13660 3727
17389 14691 2698
17417 6137 11280
17419 7542 9877
17431 8184 9247
17443 4187 13256
17449 8301 9148
17489 1754 15735
17509 8709 8800
17519 11448 6071
17539 17223 316
17573 2423 15150
17579 1469 16110
17609 10851 6758
17623 1478 16145
17627 10923 6704
17657 549 17108
17659 3112 14547
17669 14287 3382
17713 9165 8548
17729 525 17204
17737 14669 3068
17747 12388 5359
17749 5024 12725
17783 15512 2271
17827 2272 15555
17837 3593 14244
17839 5729 12110
17851 4502 13349
17863 6114 11749
17909 5086 12823
17911 148 17763
17921 1193 16728
17923 4444 13479
17957 12986 4971
17971 15436 2535
17977 17910 67
17981 7661 10320
17989 11291 6698
18043 6601 11442
18047 11862 6185
18061 17215 846
18077 11377 6700
18131 10615 7516
18169 3917 14252
18191 17197 994
18199 4557 13642
18217 8801 9416
18229 2981 15248
18251 3333 14918
18287 10876 7411
18289 12986 5303
18301 17044 1257
18307 6037 12270
18329 4859 13470
18341 609 17732
18371 2935 15436
18397 16512 1885
18401 1197 17204
18443 6875 11568
18451 11641 6810
18461 14617 3844
18503 16969 1534
18583 13656 4927
18587 8166 10421
18617 8278 10339
18671 4922 13749
