177786500323340560825
178448300244415027406
180720419864454755606
187244649059157909470
188034481117556585222
191806920994662402350
194295432959488430630
30152823113815595605
36989017938257709062
38094422166005862565
40045559807807863097
44723240993431436885
50248458862666440725
50980586295732278905
51786647779920910606
149188448693298255422
157492504923547510037
158184960426788451605
167055243292549410950
167251799672376741797
410979907407009979406
412128590103971727445
418905277035200565881
421602968267012135897
422957223691539551390
425438522578559420510
428632112933879084117
428693424098238755065
431731933273125344150
450576099966168983350
454413457547324635862
260121984239138983190
269955213039716625881
276740916318051996950
277505502602936630950
284428254366330614357
65720511512256011045
72819983689628616622
76253408893022374670
77959301877484364422
378319089499388524430
383077917815282597305
390372143104355304710
391356728273167131110
398102759622130133177
398443577565181933790
400187339210321100281
403734370395423810950
203685057452891663381
206983237441080931822
207021106101415565881
214355003319572987870
228063458360830301942
237022101434421602150
318115132640250399830
329088027790382466745
332281618145512877750
335112751323132321470
338602077882816570905
339231418952238454870
122485633349930791022
124002183032777772325
124779392204368152830
127652000581038375077
136383431692078457465
136419497082871780985
138056865824889511417
139036041184929536782
87882694153940920505
92735292485045033510
96278717130397765625
99892469287803620345
103053600790770517406
107204727271002211990
109116192983015157230
109592256141479108222
111034871773188901822
112742568027227024405
297985234766831721017
299476538676284540822
312414997624738547797
312481718597713420670
313399582793503165945
315192032716127463077
354328391540277119102
366015381428462079781
371836335503336971285
11267181226235556406
14390444068699995710
15836666239404383822
21614341844076644870
25401207877112673470
26365957080768500005
27500213621142157190
607711204421096683685
612442983694559253157
619982453642128483430
621677527009919730190
624496037301261640981
625989144480554153125
629137653097762422937
632859601428765629785
653701790774724945317
898731859190528073950
912512445019176686822
915213742790888313910
917395698934931022350
921150106118323759742
923117473187050312981
882287844250685274905
884855700076349955545
725221264011753090070
725241099976696601765
732515489302360753625
733909416657034372606
737243662037105872037
739613158213104592985
739692502072879343545
740074795215430468697
740397580463150592470
521514920402351912485
522358850547115797781
544124313896198959481
499150771566268565881
499262574277752816725
508244659856859443230
512457097502488477022
516821009789495817782
846265731910187437945
851116526974014546005
854497657362378431630
674132834665771517177
689572428469572966485
710569698996725329445
782687857723662008606
784716535956594115481
784952764266384596462
785225057966982827045
787006688272884957781
797828108784787917542
798704497781422438070
581221174875937480025
581659369374196303406
585738365074043362670
586459672890109336270
591584564923267292462
605307446124026651542
553438201070937069406
558274569977569462750
569067138175307715865
573165969840064840406
576947426065765025045
752008833033415982165
770499558900259198457
776446741844408527957
809109363029567966150
814337041427231552677
828819099106393585870
834769888589837118070
834888904379506210870
836627256216492134990
462567842407310468750
479516772814121286425
482607576805764309157
484098880715386468790
484160191879748231350
1356313308429295433125
1357398876692989339481
1365107853980869739606
1382595961989862353950
1098874942234696817657
1099845101247611811877
1102641972305293780606
1107227686747396549145
1118108615156275713445
1188185472781065323990
1191168080601605355430
1208847335180057755102
984356506784898525781
993215970037923085670
1004428700041514934782
1009649165361643987097
1078384390443469447750
1090305805377153084857
1094640865353059715865
1127631681601030672910
1127999548587346885910
1134998037675074615545
1144728480117118703897
1304213244851004147797
1308358961525679673406
1312279269507744461942
1312441563766431800462
1317184162659191179702
1324480191221995547606
962883173095496457125
970456905165961957925
977130805735703775350
978737518896377944997
980490296889842486357
1158200706856375579006
1166039519550249684565
1170396218760847997525
1173308499069263561990
1179951744057644036750
1242554049438080432390
1258666262786039275225
1038795410947183756462
1059906287459909590037
1060440055243954045525
1063415449986096957625
1025022038195627412022
1032941998018189152550
1213205837660311635365
1213454688856950397337
1216458935912027152405
1223015623962622109605
1229042150768225283481
1236610473031307948230
1270989806828670905365
1278682554690273208825
1281387459001675072825
1285094981177843872217
1294670342440264466597
1296518693719740095422
928729247997216494165
929151213069704065817
933309552630207103525
939170178637005244025
947167679049393097190
1790401762210002100102
1791108643870270497590
1808497572059061543097
1811849850136751965406
1821394555820068683385
1825652075207638383262
1827486000331385310757
1828831239409376014265
1835508746521724359006
1655169169489869904505
1657235716384259046677
1664178304118482641977
1671075810114201674702
1672006297197547972406
1559915062509895528406
1569248785655406387622
1576312192448518905125
1578160543728314711150
1583608221012486085337
1447412682374595354830
1449951685888494598606
1462203099150930622862
1465768163033761625177
1544655795651952028470
1544911859926806434006
1588572622059613465150
1595471931324553040750
1598514047040702713381
1599916990743825227065
1606965971380740599950
1608224653520566514606
1611219884228666198297
1760236669320059521270
1761114861586754268281
1775340854999458661062
1775573476770310103125
1777995267764525155142
1778601166330464853670
1786420143062373601990
1423034281448373945125
1440405176937817304222
1441258123430763713017
1706190877893645349925
1719228516678071852345
1724836684951902961685
1726813068369309145685
1727729129296355892517
1634566814980069418830
1635280909718435378902
1644275618190607206110
1500472085353382303342
1476281224458645148837
1479637109074732915910
1480390875742936279406
1489798532939178469925
1492840648655130422782
1496128009028687746265
1685303606795659640222
1732302220853431623845
1734123523090283189785
1736054824769164653310
1743599704530568566830
1753072279431826255481
1755402103679393236985
2257080706539172440830
2263350674736781860437
2267725406645740803481
2275227007940602992281
2285289251985208065881
2289115789953441607765
2289413329427880502750
2029737105584204548537
2039808365974999230542
2048418978037008342617
1925365667779676277406
1931916946024505052325
2222261374952715584185
2222526455575386606406
2226490042028663235830
2234693115175170446245
2244311754912191608057
2249142714015227640406
1991298612032373414905
1996573175441923020830
2010494416304132707150
2010707202110058598742
2011778344217855459006
2048765205789031442777
2052965020551859190606
2055570745039750472981
2061815467462997580710
2064536601201578541605
2085324692479635602981
2094436613474516604950
2179785360891941038430
2186392540493595092030
1902848241013244781605
2120207138497125208997
1934537096668535621462
2140825722438956454425
2150332559463824511481
2152763366806307285945
2156696297677201430102
1400381609473319272057
1403751920245578954406
1405100765862301212830
1413648263487011056070
2198469036616010876197
2199641161818280883897
2219653847195015179285
2712197086695595046462
2724183419344789490425
2724996693908473554302
2750734760089310414425
2488144452591637144430
2492174760018625615865
2703211394565227857445
2709113495777883671342
2542484176979444563510
2548454802434125896725
2551651999332700299902
2554960998942906598997
2558612619766166598422
2519914455387739432702
2524750824300221300230
2527545892090812086030
2473427969857201666105
2479946789252477997190
2480992685586992262110
2627804072107709728862
2628141283512144058265
2641903836660026203481
2645349884755642288622
2577198918939301513765
2340249301088721635365
2342557486102624657445
2344692557240487870245
2433047354997916046102
2438143394724219038606
2439869123676123566165
2442029440587705692281
2444205986925170720510
2396502294455830438310
2409887964267434575097
2415002036689086912505
2607106144299837026750
2615202824545262039590
2665881911766094444630
2666491416871449964406
2667961081548565544981
2669291894470911842585
2674409573432465070677
1869722179533924816185
1874354778986272519070
3190941707801877315865
3195754634212295447990
3206173925632125434006
3217978128061110068222
3223121052797993604710
3227023328089244281550
2954094876225792556606
2963890236382264241870
2837825465919397124345
2840532173502935513662
2842789866970354059302
2850257206146558658085
2854512922267279833125
2855190951615327964325
2855677834391852062745
3149096838055848738910
3150916337024744370905
3158455806984084838750
3163586108833978932245
3171754919863896433625
3000936605870013338702
3005547566091069995605
2997656458571584826645
2914619502665028080917
2937481353928141465465
2823473243629411096982
3052964538720958417750
3094196296819910898965
3101515767894747851150
3106546889919599454710
3112423745360117869477
3114670619210656144505
2856821107281912926245
2859370930415269230617
2861177806497041819045
2871353656526463265382
2898106963462173183950
3059497784274901598777
3069913469154772562425
3082772584265383965430
3082952911219677374030
3128476450831688209625
3131350862483208324005
3139115741135332608025
3653902310734204002325
2314660906286375620825
2320296123605391873950
2328944604329270487062
2333716055537668579406
2335448997567630687737
3671413861271881560310
3673613850115059000830
3625601798517703151705
3633399136023971668345
3304774900980686234197
3306383417413203775397
3308577996447257740750
3308718651471626132062
3309398484089406861605
3442191253254997854245
3445011566820772511765
3460696405308782468281
3475914196985210833462
3483963992226834521110
3379011901536023841365
3382286639026591919125
3493023618412795586390
3548905138293837439577
3550409065093076245781
3369267032924262256805
3371890790109695649710
3541333209480904439750
3593373765235946524697
4118096350166507180281
4119346015960556666710
4125684508408023037625
4125908113831490296825
4141973442199875709022
4073090348885925036965
3885791954436249741017
3761476355359277400070
3777211685397563984030
3896808128079511615606
3903943665664489609765
3929550093187286614565
3933006960902895106502
3935753340418222063525
3941087411729027924281
3842686599261237616985
3843595447111301380217
3856862101144928868550
3859312744454944758265
3972760037998149068537
3733184859488622375065
4014384908881011906070
4015712115265372331990
4018281774365529768665
4021657494951848025881
3809713815653613097070
3822834404853919979830
3832290750341397577150
2771933996831851269305
2776018402345821019070
2776296105855380482750
2781785258343046109942
4039426913038277733397
4054828638213612045406
4057144036308125217622
4059592876348898967350
4574487642411885500222
4585776109761048334742
4596245892737035229750
4599607187168196542182
4608376486963689267577
4613602362104023895125
4535894067619061710142
4551467103405832420406
4554969052861377362990
4328332333246473840037
4330727075201326497317
4334627547225691200230
4338268348435682230457
4344747495908460082142
4376834874180649463150
4388516454289115273662
4421721859679707848406
4430842797035404784350
4432128528220583259557
4300587228037873332281
4320978600044772138425
4479525664927086736981
4480385824499805412750
4495603616185777729957
4190191066540514335481
4191294667501541988665
4191327126353336930981
4246348486685784014885
4262494962184850397817
4295693154494692130837
4444141909925623979225
4453848909883394340422
4455518737481560196390
4459475110862102557862
4463691155057057566222
4504243080573504744670
4505545041184641871502
4509928789447356399781
4521446272028226250630
3231993138950018869430
3240086212659469504742
3245604217461390762062
3255998263107936436406
3259211689433790339950
5037293164557288158542
5070233489337995289877
5071573318610033578022
5073583964152865651417
4991531593311885345445
4994286989176725583781
4999736469741888025145
5004044480685042273142
5009007078473068346870
5013717218524798965406
4679547929352547063705
4680036615399162182390
4688647227475153774165
4859198657753704242830
4862756508565804149781
4863618471408270478745
4866597472696463067481
4819625907591262849625
4835049272008526354606
4836612706703935838105
4842590545245221255990
4881092153298533708885
4889430471674304455765
4893464385646335193262
4894030612283447148310
4764312417573158165525
4768508625803910797606
4768860263365147543481
4938668746599575118710
4651938069353803786622
4655620345764032962750
4660409829674705916542
4666241603382223583990
4669844535932518607582
4671489117757280551550
4744218585035587342406
4752636247270626721550
4906094485539159544150
4906738252766709044281
4917130495154329101670
4919615400587297546702
4932029108134926828406
4970590224085343130022
4977316419488310580262
4991026677839271148325
5489870541971730907406
5498912135473412949262
5502992934455141914265
5506622916050475491606
5506626522589566736150
5511554858257759880281
5515594182039971035481
5519747111803567341950
5536149651590762648462
3695963572838458222750
5455413667494700714550
5459454794546317963865
5467931964680064426422
5156368462433351580985
5157890421929529623897
5316221094548005483685
5318805179806581637742
5274103931045929428245
5223650252436962152750
5238611979854455003481
5245260634668081946190
5398542152567651440982
5421196627867955896025
5421764657774797165310
5167848076358350503205
5169930852683111586310
5179850638451555749157
5183807011833860669305
5192587131249775941550
5209988682361762913150
5426025783710885776981
5435271146670859138870
5374753420723557835430
5392952016976603617182
5948167890512408719430
5951713118440068749062
5964727314754439414357
5964891412283137284670
5983311810696965035705
5984882458471663283990
5931182894657668640857
5932874361491904893525
5936670243886439350070
5599011627953511795542
5771068788398395778470
5773771889447725458905
5713914160141606487125
5809604658595068100790
5812825298004152825102
5751762984639938347310
5762313914752999276565
5700643899553734478822
5701687992620774702245
5857380481946389391990
5862994060043132240981
4165170701615456048606
4172506402121011621190
5636544880278659714870
5649625797563701554350
5597242620529156789925
5659220994816829897945
5669047010571877560230
5671564374857819678990
5891108835535334474582
5899068467311612928606
5903095168207964379385
5906869411367876517662
5909451693357845340910
5833956010543871423030
5845745786835566151406
5846082998240667885305
5855896391110022774357
6444292424462162633305
6457710553158931699862
6461867089464027769877
6394296776281720815830
6401554936206829330105
6060064372391600125406
6061243710674838955982
6069408915180222396910
6072876602517658025881
6266857914158467032665
6268237415361513682550
6268241021900606616502
6283152257780410433945
6179006228396136975397
6187065039998875575110
6193917464275122409910
6226664839237795550870
6106588726685156887406
6040122014479897507577
6043867405327388241350
6049527868432976792185
6049544097858892811902
6119795872842221569942
6122657661612205898917
6141334124303399354150
6353865669777752768165
6373890978092446477310
6302488717127468158742
6307945410775201330430
6312361617894612801317
6312381453859624476470
4619556758140409081177
4632338332672856498585
4643203031679424738310
6875493845056309160981
6895731939183992723750
6903022557963188779417
6907876959584180390585
6912707918701073132510
6647196313865258178425
6654459883600136350937
6658223307144511264390
6530930509833858083950
6540442756693036079225
6702352919496834854006
6708871738909066568981
6723573795525462699430
6731639820209088400537
6671531436400684083070
6680437784692918036565
6683259901533856771150
6623627580887612306005
6623995447875172019365
6786334788839487018590
6790060343723679220150
6791351484719364472622
6794240322533736586142
6562267728017726268062
6565491973967395495622
6518244508572462751765
6810296634580752290606
6813174652777875637142
6820896252978453544750
6823718369819636078165
6833264878801921803065
6836795680575134991781
6837937150198448147950
6766255382433302857625
6766500627091697504185
6771142242905732569765
7340641814999091210350
7343404423946103122342
7370864612618092936190
7385265523226008205870
5101734805022320929406
6997495849542222810197
7168227607017711634006
7177267397259179561125
7183340809095087297317
7188195210716915851285
7207210688095280584630
7147565744542987231070
7080556248161414681230
7094623553900492633945
7096524200003435970725
7015432971729074056030
7022011299037622026462
7029853718298861608981
6957014251475932513190
6969438778656400844950
7048153297665083519525
7274570018774304156590
7276133453472059450777
7286464384710205751830
7290159284013234740245
7297996293467124896825
7221328485382785031865
7227733698815603052857
7796796879838236338990
7807162073201106244406
7813423025072377698070
7835725862844429983606
7835727666113978189077
7766990637476934989305
7767250308291865620025
7458094170450836125781
7568757216063172680725
7573216701655158683302
7586968435227611458750
7666712621178108665462
7666860489281046149662
7619741055992013830902
7642842742171169379365
5547466971259332929606
5557255118353245962750
5557345281830529886550
5558472325296579355925
7549666001359568201582
7557811369907399613305
7594405118843290029302
7606943252010150049877
7608593243646526718222
7613297973897144357925
7492235472799439039390
7492808912515647333422
7428506123711022159125
7709982073983376767397
7717508921077021707065
7723894298546765540342
7728885748655862622550
7730496068362305087781
7502973942956769434645
7506082779657242388005
7700567203672951398470
8281973764921884243782
8286303415108319673785
8298194174512525269797
8231931231676669505881
8248155247805908617190
7906547471082194059462
7915120214514758881550
8113716093150002030617
8127610285021360134182
8135818768006285764182
8088051960935756349625
8021226398009360508197
8036155666600725441070
8048675767075507625657
8061987502882158394645
8003642716642897900990
8007315976712975955481
7951607570555339501390
7879218921078179440697
7896375227560355734805
7904859610785001094710
8165525830549177144006
8175497911152806737406
8179218056231536298905
7977695471111296686677
7978728744562508972750
8203169082376037753381
8217569992991324947577
8217661959738305027750
8158567013361255582137
8163067974154476388025
6012898054140933091702
8736132610634156522297
8742436840978186305881
8712814532093565412510
8387636344131417672997
8578220296218021289637
8483537825279463175865
8488720421963078885285
8499951184713851869781
8502473958812823908822
8509479661010490163877
8546697341231751485390
8516754050370981741785
8537464601140928389070
8404689864254675075390
8459139588282705112085
8475123769564205768725
8340747729323738749817
8342060509555240627865
8345870818111789856606
8348133921395499375481
8357009614114588146725
8634785255432945909285
8641902760343226443782
8649510754570895447705
8426669916785591818745
8433974961728043670430
8435832329363379786910
8441312465522408131225
8446489652397242596870
8656455145604525324542
8657906777591564141657
8602750171893647382950
8605456879486782953125
8617746161463667681790
6473613587291154978265
6478587004700946721877
9210931679739375317990
9222963094175223104006
9232509603171596131142
8835108666384334980862
8836717182822323759270
8854455945379038732281
9034216673684018734117
8957859027880313903525
9002902897956650003462
9021004117694631584222
8980922845417943294585
8997199156371591564965
8860846732661895737177
8867109487806774051350
8867695550410312703525
8869830621556744533797
8871442744533866371481
8873085523093328859382
9089452623256754755550
9089910653722352197462
9092849983088197120022
9115843473115306018265
8815256471916059652005
9138185982835316303525
9140876461003396365397
9144317099304137945125
9074835320287795497542
9076332034013947388902
9637509517940531355302
9652256656322165091302
9655563852677272261310
9660066616744187439781
9667012811051683769365
9691102688973472223542
6943743990877914519125
6952163456393888644430
9293827980942609113710
9306119066194246726702
9317194747769378870342
9496207119262250200085
9515630135585923571710
9518161926034221921910
9521173386182844038990
9479553924967650479870
9326395029012732264070
9343390844520239964245
9383668673186805292117
9398666466033578133902
9560776792042068994262
9565602341358193844606
9576771792951700699822
9283185084059590690622
9349664419284276293750
9604626897692897176357
10112699896801482395710
10124763770095916565070
10093965729439047484825
9973565028081695096281
9754725645247105452950
9769148195110739361302
9780526825973486554222
9874305858942789870457
9901014084254967856750
9904076035951713073606
9909085518763008318550
9913788445750732228022
9924873143677756471205
9785566964366757391637
10024503786347179147705
10037041919532778991222
9748607151662834293781
9749739604940440069285
10044456963925056125270
10059669345854454271742
10061496057909286072405
10064869975238600746790
10566113992700470399070
10568523160820920452590
10589700758430778726190
10611285894959502938270
10531346955753055725950
10422505212185660501822
10423648485081042110150
10424340940588655336390
10426252406312797543630
10431786640565067228757
10222401799923894796025
10230794216413584102437
10231676015223955777406
10398714676998509232677
10344861835126901468965
10349768531575148156830
10366585823407803179342
10384216389808147375397
10264324210442654743481
10475607893926568325710
10476305759242857083477
10477645588519350292630
10303316307942211807070
10308262676320453966757
10328385361239604454606
10185038054830659817145
10205220247643462730137
10207816955796664997657
10208621214016338207781
10280800684329302573990
10512971639026480738990
10514118518461028312470
10524597317822946199717
10466883675838208565302
7860776883408293360510
7869286512406428355097
11030715573024914992502
11041113225260333100110
11054929876565981171102
11061468531960733652606
10878016510659530091605
10878999292565141305510
10897704607623796065881
10905608338068484651070
10701436749639334951481
10868623279565378755510
10875857997006290666606
10823660556567172880102
10943128967629272386981
10960333962421674004742
10708384747220831655550
10653520271120670157625
10667901345792595899350
10746502258998592547182
10749387490280889190382
10760748088454981992982
10979675831633011790230
10980790252215958084006
10984083022417354023182
10986492190538423403550
10928978711457521660030
11484362290952151669781
11520216699459976700750
11534696953964945347430
11456290793832484626550
11457966031246498822745
11464612882816005959765
11466342218316595694950
11474952830428527126425
11478074290023460547030
11479044449042568746542
11479632314916601134230
8317750632768493845062
11346985609928281313785
11348700519272329124182
11147015639499575893406
11159627706745459611382
11316492321802559711525
11324145397781545725205
11302217640028468108565
11415188870929230301781
11188108546048291278230
11110412874135968055230
11126698201458693300025
11212467111155857543982
11955976786829715341150
11981437149645548103205
11938751956061697623102
11611956234665864307950
11620918484341285568630
11620920287610837972245
11721479614203735353710
11735669542312538958745
11786061909958795435150
11754670593587667911822
11756111405960157564665
11879242257552281906981
8782005984697006968430
8786478093179165484110
11638960196213183826725
11656368960472374692537
11661971718971824535710
11663935479514442841625
11673067236528081990457
11834073961797127183525
12409960716421576221542
12410007601429961469406
12425046869504376133606
12426462436103713693781
12429670452639032292782
12442064324278914540965
12378004976668237739285
12390285242325870961145
12392642115631979458606
12398931919833760865390
12264765058537161943582
12079179769219092227606
12086019570633301337365
12182965145070694456502
12240936654662439239150
12244905650948797977625
12248512190054993329625
12252394629402821567462
12258574434161320658105
12231015065581361321606
12232951777081370685062
12329504238764929444885
12097279185721769408165
12103898988250596050830
12108441424254456457625
12148717449719966786390
12155923314853726774430
12159654279558881819225
12143560098798426443150
12358412452972367376470
12366476674414394218406
12291428202149778911150
12292241476718248535125
9252394256496862119097
12912769972579140579782
12914695864462638997742
12527807988271719191222
12534283529238025392725
12545835273997253322905
12733604322798042637406
12747305564866639535630
12720108653458674175702
12642957568878310108310
12649952451476495775317
12655362260137139511317
12661085837700120180281
12671425785320250387877
12684580636713587475662
12792423369099660743750
12570664492478612812550
12571957436748441976997
12618148186360935226142
12502848934383170677781
12507299403640922952485
12512691179605558113625
12520686876805320899365
